nsnps	PP.H0.abf	PP.H1.abf	PP.H2.abf	PP.H3.abf	PP.H4.abf	traitGene
5666	3.3391087851627e-19	0.333928805744777	6.43545145620704e-19	0.643557182687346	0.0225140115678741	ENSG00000117222.13
5509	6.90225187878358e-20	0.0690262245145612	9.26519554684744e-19	0.926564889394448	0.00440888609099297	ENSG00000133059.16
5072	6.44702622585664e-19	0.644737235807268	3.17202978330525e-19	0.31718192769772	0.0380808364950128	ENSG00000162873.14
5863	4.31812776538387e-22	0.000431835959988868	9.99482082993112e-19	0.999535711396847	3.24526431658594e-05	ENSG00000163531.15
5688	5.60313865742476e-19	0.56034394824458	3.65334654994825e-19	0.365279893165271	0.0743761585901511	ENSG00000170498.8
5661	3.4213062387449e-19	0.34214899241013	6.14700762433132e-19	0.614690604491886	0.0431604030979857	ENSG00000174567.7
5575	3.10927386930021e-19	0.3109440802056	6.62361088956001e-19	0.662369964281532	0.0266859555128646	ENSG00000182004.12
5698	5.98257979520569e-19	0.598290099191401	3.65986058095417e-19	0.365969967464076	0.0357399333445207	ENSG00000184144.11
5817	2.26030524392536e-20	0.0226042659669104	2.08563433797287e-19	0.207805040595683	0.769590693437406	ENSG00000198625.12
5744	6.30233455688625e-19	0.630267292080005	3.24301100960583e-19	0.32427305259766	0.0454596553223329	ENSG00000219133.2
5896	3.08705203133719e-19	0.308721777103222	5.97422871248809e-19	0.597361028889782	0.0939171940069982	ENSG00000240219.1
5552	5.7341612548588e-19	0.573446911430787	3.89183628783315e-19	0.389167137580871	0.0373859509883408	ENSG00000257315.2
5000	5.70067588935192e-19	0.570098195101654	3.19836701642472e-19	0.319743715157501	0.110158089740846	ENSG00000281406.1
2748	1.10129240227294e-08	0.700462139964806	3.81150664788643e-09	0.242368556845626	0.057169288365139	ENSG00000118292.8
3061	4.20745254740748e-10	0.0267609329856044	1.523717024516e-08	0.969135505817905	0.00410354553857476	ENSG00000143374.16
3166	8.36101121869091e-09	0.531790812664648	4.14130448579902e-09	0.263197059762501	0.205012115070536	ENSG00000143382.14
3852	1.08030012653713e-08	0.68710998333885	3.99150396157916e-09	0.253815024744493	0.0590749771221513	ENSG00000143398.19
3906	4.74091172272009e-10	0.0301539275680505	1.49261527748104e-08	0.949337243376367	0.0205088136553371	ENSG00000143418.19
3861	8.94607311153437e-09	0.569002766406424	6.121143021295e-09	0.389285232838357	0.0417119856880022	ENSG00000143434.15
3763	8.38557064644491e-12	0.00053335288631636	1.57131396513083e-08	0.9994129546282	5.36767639584306e-05	ENSG00000143437.20
3873	3.40542361837719e-10	0.021659405252985	1.53546168390976e-08	0.976592960974463	0.00174761807739378	ENSG00000143442.21
3461	2.53409016207608e-10	0.0161177378927721	1.47885864262808e-08	0.940564729467298	0.043317517597934	ENSG00000143452.15
2152	1.35531825971111e-08	0.689637280255272	5.07374104871017e-09	0.258118923952681	0.0522437771651236	ENSG00000159164.9
3919	1.10597511230224e-08	0.703440203561866	3.84335657845625e-09	0.244399229342309	0.0521605521927169	ENSG00000159352.15
3542	2.44241987526174e-15	1.55346814785608e-07	1.57223624069625e-08	0.999999609005682	2.19925136052005e-07	ENSG00000163131.10
3215	3.03773420441845e-09	0.193210976915521	4.97875958302972e-09	0.316176659410747	0.490612355657239	ENSG00000203804.4
1995	2.80966024428174e-08	0.678919947260407	1.11682833385628e-08	0.269816609433541	0.0512634040411645	ENSG00000233030.2
3181	7.86241971090973e-12	0.000500078574269662	1.57115198706305e-08	0.999309786377115	0.000190119329233204	ENSG00000237781.3
2772	3.30671146030462e-10	0.0210318910871428	1.53667397335045e-08	0.97737911181238	0.00158898140306506	ENSG00000266472.5
2036	1.6843594564128e-08	0.716323578479053	5.26679006222385e-09	0.22392604377556	0.0597503556350028	ENSG00000270882.2
1658	1.05955705442135e-06	0.799288059445543	1.911317469802e-07	0.144125667839923	0.0565850220257322	ENSG00000275557.1
1656	1.07154326406809e-06	0.808323804652378	1.64168393462259e-07	0.123773313970104	0.0679016456658605	ENSG00000277147.4
4114	8.79553002029478e-09	0.683573541586821	3.56050224708182e-09	0.276676391582204	0.0397500544749435	ENSG00000143549.19
4155	2.75145113600205e-10	0.0213838073652526	1.25168533222507e-08	0.972782586160143	0.00583359368260581	ENSG00000143552.9
3953	8.24590268431525e-09	0.640857452889776	3.51832129005284e-09	0.273352122537579	0.0857904128084208	ENSG00000143575.14
4764	1.46111456348265e-10	0.0112582681407454	1.28184690465059e-08	0.987695369018318	0.00104634987635451	ENSG00000160678.11
3450	8.42478607263719e-09	0.654810235111359	3.35881666561882e-09	0.260977316193848	0.0842124369111916	ENSG00000160710.15
4738	4.42952384268486e-10	0.0341306345158086	1.24665628637978e-08	0.960575834124231	0.00529351845044513	ENSG00000163218.14
4775	6.73438619265502e-09	0.518901990388308	5.86150168765492e-09	0.451614483044685	0.0294835139711189	ENSG00000188015.9
4792	6.46875348510386e-09	0.498434298646343	5.81331130704312e-09	0.447877083654081	0.053688605417513	ENSG00000196420.7
4733	8.1873639369186e-09	0.630857708675368	4.06130264915089e-09	0.312877678879151	0.0562646001968145	ENSG00000196754.10
4627	7.47862078963707e-09	0.576507877659138	3.88156690921215e-09	0.299095735754304	0.124396375226371	ENSG00000198837.9
4830	8.96438608538435e-09	0.665594704417883	3.83844669664289e-09	0.284950518478852	0.0494547643004336	ENSG00000241794.1
4753	1.92855951657066e-31	1.48600532126522e-23	1.29781466037681e-08	0.999999986915143	1.06713354298835e-10	ENSG00000272030.1
3349	2.01827144693315e-07	0.732286439455017	5.91930781317176e-08	0.214716371639086	0.0529969278856745	ENSG00000143537.13
3342	6.14772399075721e-07	0.405734768414783	8.39704437130069e-07	0.554144300396487	0.040119476711894	ENSG00000143622.10
3449	2.92057771597245e-23	1.96206481198209e-17	1.48852032322158e-06	0.999998504446675	7.03299948080187e-09	ENSG00000160766.14
3341	1.0165216103134e-06	0.682821770151214	3.77009323771153e-07	0.25318214509479	0.0639946912230634	ENSG00000163374.19
3434	2.81192339310422e-10	0.00018893671789783	1.48797504382886e-06	0.999789382977108	2.01920487587725e-05	ENSG00000169231.13
3474	1.49012973108843e-07	0.100095562523026	1.32518263568041e-06	0.890146977329403	0.00975598595196317	ENSG00000225855.6
4981	1.66378161078293e-06	0.00367565683344445	1.57256003984215e-05	0.0337787564700131	0.962528197314534	ENSG00000069275.12
4977	3.25162550540685e-09	7.18352771413561e-06	1.3931358743867e-05	0.0298071430121036	0.970171738849814	ENSG00000117280.12
4986	1.7491423000755e-10	3.86420018102264e-07	5.24671201624302e-05	0.115025290378198	0.884921855906707	ENSG00000162877.12
4451	1.03800144346639e-09	2.29283841242526e-06	0.000452221256325938	0.998909600653325	0.000635884213934588	ENSG00000261000.1
4484	0.000162454506511492	0.358845441391673	0.000281041997894672	0.620773181065016	0.0199378810389044	ENSG00000263528.7
6204	0.000641803510134923	0.107551969338429	0.00523425898635401	0.877135754050417	0.00943621411466544	ENSG00000153936.16
6204	0.00323526954089647	0.542159095376247	0.00234917777249445	0.393611211287991	0.0586452460223712	ENSG00000183291.15
3656	4.15362158110219e-43	0.697371843632556	1.56595946151285e-43	0.262876842170782	0.039751314196664	ENSG00000014641.17
3900	1.19892375794329e-43	0.201293173951085	3.99659614523601e-43	0.670880248577619	0.127826577471297	ENSG00000143951.15
5795	1.84421351299101e-40	0.00390059323188569	4.70802425209222e-38	0.995767642166001	0.000331764602109994	ENSG00000071967.11
6376	2.28893019472784e-38	0.484119517606077	2.2140065097605e-38	0.46822514999421	0.0476553323997126	ENSG00000152256.13
5332	2.01998887845987e-19	0.0739355248827251	2.51467162433205e-18	0.920413111508203	0.00565136360907265	ENSG00000042493.15
4723	1.78199905832887e-26	6.52246342160665e-09	2.73209511567801e-18	0.999999992876567	6.00968378848996e-10	ENSG00000068654.15
5473	2.63625892744841e-24	2.56804582280066e-08	1.02656223365676e-16	0.999999972891509	1.4280335440117e-09	ENSG00000115423.18
5389	1.59441291061043e-24	5.83586160710231e-07	2.87580299366419e-20	0.0095355348535411	0.990463881560298	ENSG00000115486.11
5329	1.85116624221179e-20	0.00677562877808834	2.70405789200944e-18	0.989734333228769	0.00349003799314486	ENSG00000115523.16
5389	1.49872714641492e-18	0.5485633084805	9.20693814881675e-19	0.336877298262202	0.114559393257297	ENSG00000118640.10
4478	2.45080077023587e-24	8.97040787019245e-07	2.73209255095593e-18	0.999999054090089	4.88691216831677e-08	ENSG00000132305.20
4469	1.10063915387625e-20	0.00402855354383755	2.72044779190596e-18	0.995736610824501	0.000234835631659294	ENSG00000132313.14
5243	1.36418494499857e-18	0.499318243883017	1.10637637525234e-18	0.40485946679374	0.0958222893232409	ENSG00000152291.13
5234	6.01675552147267e-22	0.000220224963768262	2.7314607974153e-18	0.999767808078997	1.1966957231857e-05	ENSG00000246575.2
4477	3.06092905467504e-27	1.12035961533973e-09	2.73209513190763e-18	0.999999998817472	6.21695504465732e-11	ENSG00000273080.1
5495	2.09493266541348e-15	0.611826806750938	1.20428119932063e-15	0.351674815678006	0.0364983775710532	ENSG00000084674.14
5783	4.06307636835087e-17	0.0118662479280338	2.04088727736249e-16	0.0586748217447681	0.929458930327199	ENSG00000118961.14
6436	1.30805632816376e-15	0.382018925726584	2.03544548559255e-15	0.594429975893569	0.0235510983798407	ENSG00000118965.14
6448	1.50959502321837e-20	4.40878467261145e-06	3.42404484214386e-15	0.999995109875782	4.81339541775563e-07	ENSG00000132031.12
6407	8.28010027003552e-23	2.41821008924577e-08	3.42406149455483e-15	0.999999973705315	2.11257929937257e-09	ENSG00000183891.5
6215	8.93705765803819e-18	0.000489699888614316	1.82402485311663e-14	0.999461744776139	4.85553352258035e-05	ENSG00000006607.13
7737	3.76475305954173e-15	0.206285619498748	1.42213900909288e-14	0.779231384832304	0.0144829956689309	ENSG00000063660.8
5530	1.08840214427705e-14	0.596382421613531	5.53438128574659e-15	0.303152126495039	0.100465451891416	ENSG00000115694.14
7450	2.68900170512828e-18	0.000147341987247969	1.82471891207601e-14	0.999842087563902	1.05704488342751e-05	ENSG00000122085.16
7572	8.0231910717977e-15	0.439625201551309	9.6506917554901e-15	0.528771371617645	0.0316034268310306	ENSG00000144504.15
4539	1.90012088233689e-18	0.000104115808584623	1.82480204237189e-14	0.999887640560891	8.24363050453597e-06	ENSG00000154252.11
6366	4.91330976305357e-23	2.69221407733776e-09	1.82500707601154e-14	0.999999995566561	1.74120513192599e-09	ENSG00000168385.17
4790	1.29418012027456e-19	7.0913703927517e-06	1.82499323613501e-14	0.999992411606663	4.97022922478678e-07	ENSG00000168395.15
5047	1.19199209159519e-14	0.653143816251717	5.41351977327064e-15	0.296579792633613	0.0502763911146511	ENSG00000168397.16
7531	8.54565887783986e-16	0.0468253463358851	1.73294275062278e-14	0.949550361399756	0.00362429226433889	ENSG00000172478.17
7496	4.06256917026071e-18	0.000222605665789263	1.82456198150008e-14	0.999756087804924	2.13065292719554e-05	ENSG00000172482.4
5382	3.9640114722259e-15	0.217205264941864	1.40086108597559e-14	0.767576918225131	0.0152178168329879	ENSG00000176720.4
7535	1.14152229178353e-25	6.2548923877018e-12	1.82500708408714e-14	0.999999999993278	4.47666772362705e-13	ENSG00000178623.11
4673	4.10657334041476e-23	2.25016843835483e-09	1.82500707958393e-14	0.999999997525485	2.24329585617509e-10	ENSG00000180902.17
4238	1.10444916507186e-14	0.60517527557159	6.44117589830659e-15	0.35289784822056	0.0419268762078316	ENSG00000188011.5
4443	2.47985261393463e-15	0.135881807557925	1.54567745647598e-14	0.846926071794744	0.0171921206473113	ENSG00000204099.11
7738	6.47280878534538e-17	0.00354671513838872	1.81682865182656e-14	0.995513356412346	0.000939928449248333	ENSG00000218416.4
6230	9.73308958339119e-15	0.533317906992904	7.63399509333914e-15	0.418251046245749	0.048431046761333	ENSG00000223374.1
4435	2.29698906065753e-19	1.25861925724572e-05	1.82498177622944e-14	0.999986131445387	1.28236202551433e-06	ENSG00000224272.2
4194	8.1311053361087e-24	4.45538288958825e-10	1.82500708327819e-14	0.999999999521116	3.33270746000854e-11	ENSG00000233806.7
4696	2.96771730844278e-19	1.626140158194e-05	1.82497535251215e-14	0.999982611769484	1.12682891370407e-06	ENSG00000235351.1
3833	3.05759925838879e-16	0.0167539035050264	1.79220352785569e-14	0.982024296576373	0.00122179991858343	ENSG00000237940.3
7550	7.99513724698754e-15	0.438088011638208	9.60103696456454e-15	0.526046309465225	0.0358656788965466	ENSG00000260942.1
3492	8.39647187975332e-34	4.60078865044535e-20	1.82500708415294e-14	0.999999999999986	7.73392954763464e-17	ENSG00000261186.2
6488	6.57711867052338e-17	0.000476726510793854	1.37894551792449e-13	0.999495219433483	2.80540555858017e-05	ENSG00000115944.14
5925	4.58516928803923e-14	0.361649218043696	5.22658583649051e-14	0.412013770619094	0.226337011337111	ENSG00000138036.18
5994	5.33726530523759e-15	0.0420969805662481	1.20668903817913e-13	0.951754014385781	0.00614900504784183	ENSG00000138095.18
6933	0.000240853609446472	0.0161240984861546	0.0144332272772427	0.966238641529076	0.00296317909808099	ENSG00000143924.18
5781	6.92815387050627e-14	0.54644905615404	5.32424701046094e-14	0.419909363147158	0.0336415806986774	ENSG00000152518.7
5930	7.85170558715163e-16	0.00619292987351728	1.25914770930264e-13	0.993135581209017	0.000671488917341165	ENSG00000152527.13
5854	3.39430762842994e-19	2.67721565444477e-06	1.2678462955939e-13	0.99999714845295	1.74331268698735e-07	ENSG00000162882.14
5780	5.87777497356877e-14	0.463601797336783	6.42412480953494e-14	0.506664691063819	0.0297335115992745	ENSG00000234936.1
5781	6.04054980135548e-14	0.476440448537695	4.24415852528843e-14	0.334563444970934	0.188996106491267	ENSG00000279873.2
6856	2.16870753865229e-19	2.02228061990902e-07	1.07240659623666e-12	0.999999786765082	1.10057836934214e-08	ENSG00000115750.16
7652	6.05228245240888e-13	0.564364410211362	4.34042077565898e-13	0.404705469806127	0.0309301199814716	ENSG00000143870.12
7565	5.7225498248655e-13	0.533617425715933	4.19929239151733e-13	0.391501542830028	0.0748810314530476	ENSG00000150873.11
7155	3.0419142629849e-13	0.270893352681208	8.00362861631105e-13	0.712735403475894	0.0163712438417938	ENSG00000239899.3
6505	3.8683662660845e-13	0.36071816928685	6.49022585237649e-13	0.605167727369931	0.0341141033421847	ENSG00000243491.1
7614	5.63422272020069e-13	0.52538109506437	4.5384196652645e-13	0.42314796792248	0.0514709370121332	ENSG00000257135.5
7348	2.52051899372998e-13	0.235033844918545	7.90387670645023e-13	0.736994259120857	0.0279718959595566	ENSG00000260077.1
7126	1.32962271291029e-14	0.0123984917107833	1.05839231520622e-12	0.986931052312089	0.0006704559760573	ENSG00000269973.1
7764	2.0841641893772e-13	0.194344547329142	8.52501989244072e-13	0.794931988061116	0.0107234646086818	ENSG00000272275.1
4750	9.85049701641722e-16	0.0108569342573717	8.96777322041319e-14	0.988401408272391	0.000741657470150279	ENSG00000225889.7
7294	6.37086386654434e-07	0.462180601376149	6.92111752112527e-07	0.502063540812909	0.0357545286128029	ENSG00000065802.11
6846	5.8390043833183e-09	0.00423596341069047	1.48527472472812e-07	0.106861820077169	0.888902062145663	ENSG00000115648.13
6002	8.50210241175171e-07	0.547579712178568	6.44111496402204e-07	0.414803762701038	0.0376150307986563	ENSG00000132321.16
7019	2.7486713180075e-30	1.99405066114586e-24	1.37843413588526e-06	0.999998610954817	1.06110482059721e-08	ENSG00000144488.14
6949	1.2248160569091e-13	8.88554910067989e-08	1.37843390520719e-06	0.999998495873589	3.68368932303593e-08	ENSG00000177483.11
7163	5.63495744312279e-07	0.408793533453951	7.7421798239882e-07	0.561634484289309	0.0295706445430138	ENSG00000186235.10
6675	8.10161300597355e-07	0.587739514712748	5.0241477947176e-07	0.364433937165991	0.0478252355451806	ENSG00000224132.2
7012	9.95852055762587e-09	0.00722450714079151	1.36748382446153e-06	0.992053932671675	0.000720182745188821	ENSG00000227107.1
4299	1.38055722385375e-05	0.619161445707176	7.57103367336977e-06	0.339509423914989	0.0413077537719233	ENSG00000153208.16
3338	1.29216958065104e-05	0.579515025589286	5.00185113480565e-06	0.22412776892995	0.196339281933822	ENSG00000175701.10
2825	1.20062182563483e-05	0.538457419930228	8.79658300995334e-06	0.394443940588049	0.067077836680456	ENSG00000184115.17
2979	8.8531780935641e-06	0.397049245431896	1.28065173090144e-05	0.574320849137389	0.0286082457353134	ENSG00000230596.3
3581	1.60647144855253e-05	0.720475216281144	4.97176746788037e-06	0.222918759201751	0.0565849880351517	ENSG00000271590.1
3732	1.23508481755736e-05	0.553914624465759	8.30051741608987e-06	0.372190274704112	0.0738744494645361	ENSG00000279191.1
6662	0.000523717922326291	0.474521801322551	0.000483224801892257	0.437745729049257	0.0867255269039733	ENSG00000143971.7
6198	5.47147075362224e-11	4.96234581581457e-08	0.0011012301644781	0.998759635941351	0.000139084215997093	ENSG00000226819.1
5844	2.09088825734292e-09	1.79050964687302e-06	0.00116638545316947	0.998821614304341	1.02076419530815e-05	ENSG00000234255.8
5895	0.000218577040668082	0.198245747881522	0.000861280186927738	0.78114730667961	0.0195270882112718	ENSG00000281920.1
6292	1.17882341883817e-05	0.255906133703642	3.31882966481911e-05	0.720448061315724	0.0236008284497979	ENSG00000119185.12
5246	0.00035526548820622	0.0339905796195612	0.00996744190405183	0.953648510162187	0.00203820282599375	ENSG00000236008.1
3901	0.00413489987084395	0.582646217692982	0.00258839444659463	0.364683134683223	0.0459473533063562	ENSG00000003393.14
4549	7.80069293903058e-05	0.0111580704264575	0.000669211652069409	0.0948304208023857	0.893264290189698	ENSG00000003400.14
4429	2.36341539666161e-06	0.000338038396524132	0.000324835967664657	0.0455073362771581	0.953827425943257	ENSG00000155749.12
4441	9.31002514589693e-23	1.33179684866037e-20	0.00694174853528838	0.993015408631445	4.28428332698707e-05	ENSG00000240344.8
4379	0.00384691427358314	0.550312239593763	0.0027436234932584	0.392432630277313	0.0506645923620828	ENSG00000243478.9
5044	2.29251976806347e-60	0.655065247629644	1.05701158361992e-60	0.30198784227532	0.0429469100950475	ENSG00000184378.2
4934	1.75799188121448e-61	0.0502329097895389	1.32801858360011e-60	0.378897536538895	0.57086955367158	ENSG00000242578.1
5381	2.66165591560879e-41	0.0334695567336148	1.02201019967489e-40	0.12767598534446	0.83885445792192	ENSG00000083937.8
5924	1.3682175536962e-42	1.40098427526569e-06	9.76610182477603e-37	0.999998505275025	9.37407018196162e-08	ENSG00000163320.10
5785	5.72361198206886e-41	0.0719727726005617	7.34804237591291e-40	0.92399113450516	0.00403609289427434	ENSG00000179097.5
4831	1.13626187298469e-25	0.601550257006215	6.80392882518462e-26	0.360169628885841	0.038280114107945	ENSG00000132394.10
5150	3.34053773968138e-26	0.176851954960506	1.53199359456281e-25	0.811043130196048	0.0121049148434441	ENSG00000163870.14
4957	2.58953937789749e-26	0.137093227832255	1.28754430236677e-25	0.681459488146772	0.181447284020974	ENSG00000175792.11
4547	7.77979256851553e-26	0.411871271078775	1.0361566737075e-25	0.548513784748969	0.039614944172257	ENSG00000177646.18
4580	1.80075264847759e-44	9.53339405511239e-20	1.88888934839728e-25	1	5.81824764841432e-21	ENSG00000231305.3
4701	8.7808782684013e-26	0.464869912885676	9.49462136791355e-26	0.50262379678903	0.032506290325292	ENSG00000239405.1
4612	1.06673108665685e-25	0.564739849669838	7.49321361480497e-26	0.396660848506643	0.0385993018235156	ENSG00000239483.1
4910	5.80473307787e-29	0.000307309323481297	1.8882625442737e-25	0.999668138050896	2.45526256198937e-05	ENSG00000242551.2
4600	2.15475954730369e-42	1.14075477694444e-17	1.88888934839729e-25	1	7.1543559855204e-19	ENSG00000261159.1
5651	5.43790438820432e-21	0.232826183389922	4.6156061385163e-21	0.197049010166378	0.5701248064437	ENSG00000072858.10
5368	1.31230385113267e-20	0.561868461258492	7.64571204682804e-21	0.327243516925553	0.110888021815955	ENSG00000121579.12
7064	6.06761766059722e-11	0.364453511551001	1.02212081273993e-10	0.613918703115254	0.0216277851708562	ENSG00000138459.8
6355	1.26131902776884e-20	0.540039092834216	9.99694760132046e-21	0.427991583391366	0.0319693237744169	ENSG00000163608.14
4380	1.16502401664297e-20	0.498809975292981	1.05422198123105e-20	0.451319743476983	0.0498702812300351	ENSG00000174255.6
4907	1.50128351902727e-20	0.642780907806164	7.47808579027654e-21	0.320140336903068	0.0370787552907688	ENSG00000184307.14
5727	4.59122368607281e-22	0.0196575189927296	2.10491936851675e-20	0.901150966150923	0.0791915148563464	ENSG00000206530.10
6082	1.43083086707195e-24	6.12616305978966e-05	2.33545591750548e-20	0.999935355774702	3.38259470120811e-06	ENSG00000243795.1
5759	3.93947971100726e-06	0.506176602139193	3.02061909033975e-06	0.388008059357196	0.105808378404811	ENSG00000138271.5
5896	0.378097175696085	0.203113964523798	0.259956945410244	0.139629780142786	0.0192021342270861	ENSG00000144893.12
5776	3.83348480400956e-07	0.197909949681773	3.4516664152747e-07	0.17757343231962	0.624515889483485	ENSG00000152601.17
5660	7.17888559979916e-08	0.022606097059008	3.09787306503209e-06	0.975509125094041	0.00188160818502957	ENSG00000169313.9
5580	6.46474771393849e-08	0.0333753109241632	1.86698340333664e-06	0.963857764974763	0.00276499247019428	ENSG00000240602.7
5485	0.000438523794718945	0.127637583675591	0.000271129658321037	0.0781219918702852	0.793530771001084	ENSG00000241218.1
5487	0.00127113787905106	0.369980139577909	0.000844027007003174	0.245281702651851	0.382622992884186	ENSG00000272597.1
5030	0.0025881911168741	0.515679584432166	0.00220378385864195	0.439048556854533	0.040479883737785	ENSG00000114125.13
5775	0.561133307808637	0.0802447098843742	0.307392978548421	0.0439513682706713	0.00727763548789627	ENSG00000158258.16
5139	0.00132820063204431	0.265213298251872	0.00357377225337064	0.713589694641167	0.0162950342215464	ENSG00000175066.15
5612	0.00138301648524209	0.274569281880259	0.00354705714022039	0.704178415991182	0.0163222285030958	ENSG00000175093.4
5113	1.9698643526485e-44	0.0766458008884103	2.35982641319448e-43	0.918183867170746	0.00517033194084192	ENSG00000138777.19
5090	7.50147961501705e-44	0.291876398579441	1.7791553680445e-43	0.692238827614603	0.0158847738059597	ENSG00000248778.1
6073	1.12143239985906e-19	0.176057964936658	4.20131658228068e-19	0.659416245752449	0.164525789310893	ENSG00000138696.10
5681	1.68877938362323e-19	0.265127939539695	4.47254619259521e-19	0.702129403587936	0.0327426568723687	ENSG00000163106.10
4639	6.74499715431403e-17	2.16369199466936e-08	3.11735542289386e-09	0.999999973124702	2.12101971889266e-09	ENSG00000066230.10
4639	2.49225716164393e-12	0.000799478005095579	3.1146107798929e-09	0.999119452535673	8.10663421294906e-05	ENSG00000112877.7
1404	2.53290640841296e-09	0.812517661430625	2.98782281041733e-10	0.095753059723136	0.0917292760145509	ENSG00000113430.9
2992	2.16949893565412e-09	0.695942099233658	7.35647153566313e-10	0.235916221318244	0.0681416765429516	ENSG00000142319.17
4639	2.52187202067213e-14	8.08977999229987e-06	3.11732749741578e-09	0.999991014167342	8.92935312066386e-07	ENSG00000180104.15
2373	2.36223161898859e-09	0.757767798232194	5.21729307326769e-10	0.167287843149195	0.0749443557346504	ENSG00000185986.11
2235	2.36536623636113e-09	0.758773335567124	5.01499539686898e-10	0.160792953534953	0.0804337080310581	ENSG00000188002.10
4639	1.41357074499637e-09	0.453451889581783	1.5643001289197e-09	0.501758782829456	0.0447893246108918	ENSG00000206077.10
4639	1.96165924759011e-09	0.629270304074945	9.63638896729904e-10	0.309058958808691	0.0616707341910645	ENSG00000215246.5
4639	1.07397105272116e-11	0.00344513498837159	3.1055573435979e-09	0.996214989741698	0.000339872153632327	ENSG00000221990.4
4639	9.0161325735825e-32	2.89223752449783e-23	3.11735549690499e-09	0.999999996868453	1.41951231121759e-11	ENSG00000225138.7
2299	2.33570798124182e-09	0.749259420635747	4.70225149870485e-10	0.15074104146396	0.0999995350943605	ENSG00000232615.4
4639	3.11636599385403e-10	0.0999682579413564	2.77391070770009e-09	0.889817944003367	0.0102137949697278	ENSG00000248925.1
1266	2.50615377297656e-09	0.803935824871574	3.68270036615399e-10	0.118057392114498	0.0780067801395065	ENSG00000248994.1
1417	2.53699114045984e-09	0.813827981039604	3.13390598010152e-10	0.100445186971833	0.0857268291381828	ENSG00000249116.1
4175	1.28727832402497e-25	4.12939211211432e-17	3.11735549665837e-09	0.999999996761069	1.21578911336874e-10	ENSG00000249201.2
1151	2.59319867190318e-09	0.831858497992285	2.73242164880486e-10	0.0875713399425534	0.0805701591987215	ENSG00000249731.1
4639	1.34255882460085e-09	0.430672350885075	1.64433074699905e-09	0.527434277855159	0.0418933682728784	ENSG00000249908.2
4639	1.01684149365498e-09	0.326187209472985	2.00255524670306e-09	0.642357660397311	0.0314551271103071	ENSG00000250848.1
2514	2.28823748610643e-09	0.734031611359275	5.39972077341311e-10	0.173121942855107	0.0928464429574089	ENSG00000251532.1
2373	2.38080869094665e-09	0.763727038978151	5.09292434346652e-10	0.163300256040149	0.0729727020916008	ENSG00000271119.1
4639	9.98513479962564e-10	0.320307862810976	2.02412810904927e-09	0.649278946852069	0.0304131873143142	ENSG00000271781.1
611	7.76529181110787e-30	0.876718211619128	3.92478275592498e-31	0.0442325955266155	0.079049192854262	ENSG00000085511.19
4963	5.46529159339142e-32	0.00617043221077815	8.79904372311816e-30	0.993430635540369	0.00039893224885383	ENSG00000112110.9
2947	3.54418192101581e-31	0.0400145791173109	8.47984294944089e-30	0.957389982495418	0.00259543838727585	ENSG00000112499.12
4915	2.47172057213753e-30	0.279062589319159	6.24809638493472e-30	0.705408042839476	0.0155293678413638	ENSG00000146453.12
5222	1.98332327861545e-31	0.022392148037541	8.64785177690869e-30	0.976359889342424	0.00124796262003091	ENSG00000146457.14
2661	6.01505780951281e-30	0.679113013885485	1.40744417013573e-30	0.15874133999367	0.162145646120845	ENSG00000146477.5
4197	5.77239722869201e-30	0.651716110379123	2.67285467593845e-30	0.301724504524517	0.0465593850963582	ENSG00000197081.12
1515	7.43664251268054e-30	0.839612996235602	9.80561127797319e-31	0.11065773920636	0.0497292645580327	ENSG00000198670.11
5001	5.38147837418475e-30	0.607580527667143	3.09633952347029e-30	0.349540538614013	0.0428789337188489	ENSG00000207392.1
3737	5.21419454817576e-30	0.58869382252599	3.33449968844291e-30	0.376437345556012	0.0348688319180032	ENSG00000213073.4
5681	3.57546732522176e-32	0.00403677980856694	8.81934077843915e-30	0.995722374996829	0.000240845194603576	ENSG00000237927.1
5303	1.05569164961803e-16	0.283999572982488	2.5869213482201e-16	0.695907129864662	0.0200932971528523	ENSG00000047932.13
5284	2.09168105745585e-16	0.562698897303918	1.46224597018725e-16	0.39332584184322	0.0439752608528621	ENSG00000111834.12
5296	2.26235580683721e-16	0.608613398911216	1.3127828243635e-16	0.353123345698202	0.0382632553905789	ENSG00000153989.7
5322	1.78431033617293e-16	0.48001078129651	1.81225359527075e-16	0.487495514477986	0.0324937042255011	ENSG00000164465.18
5217	3.75242464597816e-18	0.0100946805584031	3.67519388796352e-16	0.98869041222382	0.00121490721777292	ENSG00000188820.12
5197	2.17993148735397e-16	0.58643981105999	1.39646491148393e-16	0.375635633808205	0.0379245551318076	ENSG00000237021.2
7173	2.79716245892868e-21	2.61792531602701e-05	1.47375959679665e-17	0.137069468716834	0.862904352030008	ENSG00000091844.7
7327	2.96267686187834e-48	2.77283385352215e-32	1.06846533848936e-16	1	2.04554508894851e-18	ENSG00000112031.15
7310	5.84104739376388e-17	0.546676357514991	4.32517907212963e-17	0.404754367828079	0.0485692746569293	ENSG00000227627.2
6205	2.0723181125463e-15	0.259261738196312	5.78519631491876e-15	0.723752228418828	0.0169860333848498	ENSG00000001167.14
5349	3.09221582770938e-28	3.86858197839632e-14	7.99315057811209e-15	0.99999999999995	2.49016999192356e-15	ENSG00000048544.5
5454	1.05669017794762e-15	0.132199458476503	6.87482299232538e-15	0.860081544321647	0.00771899720184521	ENSG00000124593.15
5337	4.1870539803715e-15	0.523830239334768	3.191497248368e-15	0.399202042126116	0.0769677185391112	ENSG00000137413.15
6240	6.80301012970763e-26	8.51104963334008e-12	7.99315057804025e-15	0.999999999990962	5.19035469608123e-13	ENSG00000161912.17
5452	1.71043797323718e-15	0.213987958380371	6.16929895822501e-15	0.771808984550362	0.014203057069256	ENSG00000214736.7
5922	4.48534707449282e-16	0.0561148827444208	3.78887805180791e-16	0.0465041788693688	0.897380938386211	ENSG00000234753.5
5347	4.67798973864714e-15	0.585249795175489	3.04157526783123e-15	0.38048844178266	0.0342617630418408	ENSG00000261068.2
14644	2.27960637555518e-11	0.00582534018998039	3.88853597865851e-09	0.993681800700741	0.000492855197944937	ENSG00000137310.11
19780	2.96622698290647e-11	0.00770393137359394	3.80878172014236e-09	0.98921970254405	0.00307636224391049	ENSG00000137312.14
20474	1.28392239312611e-09	0.333267729954065	2.44199434929319e-09	0.633835565838019	0.0328967004819975	ENSG00000137343.17
20243	9.36011367624851e-10	0.243075178730315	2.74785808471099e-09	0.713554902680398	0.0433699149054177	ENSG00000137404.14
17467	2.1082787524315e-23	5.47618005996203e-15	3.84988852441565e-09	0.999995026340299	4.96980980437129e-06	ENSG00000137411.16
20272	7.1231860525465e-10	0.184983834905286	3.03300601888263e-09	0.787621672269674	0.0273944890797152	ENSG00000146112.11
15998	1.47034316901484e-09	0.375713817916148	2.33387077784323e-09	0.596341337477103	0.0279448408025355	ENSG00000198563.13
15276	4.7264518337607e-11	0.0120589604902194	3.86718203759719e-09	0.986662651347697	0.00127838424763846	ENSG00000199332.1
21986	3.09330806033717e-13	5.75564112523305e-05	5.37308724024637e-09	0.999756750453159	0.000185687762192323	ENSG00000204301.6
22515	1.25897231842122e-10	0.0234263437840627	5.23728335141211e-09	0.974526133042864	0.00204751780989191	ENSG00000204305.13
22569	6.11856889105903e-10	0.11385164650542	4.69731759452976e-09	0.874044152779299	0.0121041954061075	ENSG00000204308.7
22568	1.58391265876823e-09	0.294727520981327	3.65350952143723e-09	0.679803559646228	0.0254689141350239	ENSG00000204310.12
22637	1.25783242657742e-09	0.234077600127331	4.02516732865376e-09	0.749050721508592	0.0168716730810755	ENSG00000204314.10
22526	6.64874640418281e-10	0.175292558433153	3.06696873030982e-09	0.808582613476552	0.0161248243584521	ENSG00000204315.3
21866	2.31389489227447e-10	0.0611059027121345	3.52813378695437e-09	0.931711023581658	0.0071830699466826	ENSG00000204338.8
21878	8.08316190188083e-10	0.213465937443683	2.92305366045778e-09	0.771926369618971	0.0146076892059738	ENSG00000204344.14
21877	9.74096810833197e-10	0.257246020949941	2.52299541088661e-09	0.666213013739009	0.0765409618139561	ENSG00000204348.9
21858	4.3545904105521e-16	1.15001893189341e-07	3.78653748965966e-09	0.99999985963932	2.15722475277572e-08	ENSG00000204351.11
21802	1.07072612067583e-09	0.28282981376494	2.65064289317458e-09	0.700144127537449	0.0170260549762408	ENSG00000204371.11
21622	1.23189347993925e-09	0.325411439857575	2.4628865220155e-09	0.650560996540066	0.0240275599075786	ENSG00000204392.10
21158	2.63212941683115e-10	0.0695293269172715	3.50395559126266e-09	0.925586662710763	0.00488400660479788	ENSG00000204410.14
19526	2.61387512895265e-11	0.00688678043380533	3.76547614129476e-09	0.992089498381123	0.00102371739345528	ENSG00000204428.12
18926	1.13101177724446e-09	0.297830353538601	2.54592921748666e-09	0.670390062335005	0.0317795804494537	ENSG00000204435.13
18665	1.08366910401145e-09	0.282244525329312	2.69141659050199e-09	0.700969885749954	0.016785585145647	ENSG00000204463.12
15853	1.05503313224814e-14	2.69590498027869e-06	3.91345254805517e-09	0.999996671694493	6.28487062933735e-07	ENSG00000204516.9
15276	1.1171718576395e-30	2.85033007222875e-22	3.91944730722426e-09	0.999999995515097	5.6545272105479e-10	ENSG00000204520.12
14759	2.78707113788155e-15	7.11696852050432e-07	3.91607585964458e-09	0.999995591618142	3.69276893088633e-06	ENSG00000204525.16
14592	2.15495081760339e-25	5.50625355304467e-17	3.91364111524267e-09	0.999999633973526	3.62112833557637e-07	ENSG00000204528.3
14593	2.01151391070164e-17	5.13970056399656e-09	3.91365397522275e-09	0.99999355247873	6.43846791269617e-06	ENSG00000204531.17
14648	3.1081573839946e-18	7.94263181573138e-10	4.99216947656792e-10	0.126697341990473	0.873302656716049	ENSG00000204536.13
14790	4.83850933150964e-31	1.25229301748807e-22	3.86371978835456e-09	0.999999996068411	6.78735000878221e-11	ENSG00000204538.3
14946	1.0549269032715e-30	2.73986617455593e-22	3.85028622541915e-09	0.999999996082082	6.7637513703625e-11	ENSG00000204540.10
20417	1.1145628543816e-09	0.289443670104727	2.64611945205368e-09	0.687154106636987	0.0234022194976021	ENSG00000204560.9
14576	2.04626670027613e-17	5.22785190341164e-09	3.9141634251979e-09	0.999999985819095	5.03889023289707e-09	ENSG00000206344.7
22502	2.97921264735386e-10	0.0785462063563154	3.4735088100193e-09	0.915776349783053	0.00567744008920255	ENSG00000213676.10
16087	2.40984860073925e-12	0.000615783741958072	3.91080806521327e-09	0.999320816653821	6.3395691003213e-05	ENSG00000213760.10
18592	7.65137984809585e-10	0.198742042407597	3.03038037241114e-09	0.787117064778104	0.0141408890187829	ENSG00000214894.6
21867	6.25925322815094e-10	0.165295459065267	2.70441551642498e-09	0.714066163143961	0.120638374460433	ENSG00000224389.8
15198	5.9724569353293e-19	1.52380307594291e-10	3.91936347115861e-09	0.999980085054176	1.99108740769698e-05	ENSG00000225851.1
19543	3.39797226355999e-10	0.0882606315939133	3.32989985407351e-09	0.864877986351518	0.0468613783848704	ENSG00000228022.5
14849	6.00793053080424e-10	0.15335081623422	3.24182534718248e-09	0.827448028254977	0.0192011516681863	ENSG00000229836.1
17308	3.21103228896439e-10	0.0795670514866156	3.69343528575537e-09	0.915201247397387	0.00523169710145904	ENSG00000231074.8
14778	1.01553420694843e-09	0.259272823579287	2.7775038347978e-09	0.709084068432731	0.0316431041949437	ENSG00000231402.1
21777	2.07986197650136e-10	0.0549251391715275	2.79708950864428e-09	0.738450711163334	0.206624146660065	ENSG00000231852.6
15074	3.61217215416852e-09	0.298923059693733	8.15377857377464e-09	0.674734531479112	0.0263423970612052	ENSG00000234127.8
15095	6.78759608657186e-10	0.173213101649594	3.14657355986699e-09	0.802952298517475	0.0238345960075975	ENSG00000234745.10
21734	1.08847877377226e-09	0.287522303598295	2.62187352696901e-09	0.692549494726987	0.0199281979643648	ENSG00000237080.2
19196	4.96964427832433e-17	1.30935263464838e-08	3.79549700954598e-09	0.999999945818944	3.72920357969433e-08	ENSG00000240053.8
18041	1.27045003210687e-09	0.31482167149488	2.68229117294796e-09	0.664660003669459	0.02051832088292	ENSG00000241370.5
15648	6.27018428344699e-13	5.18935885321203e-05	1.20746071578254e-08	0.999323585449929	0.000624508886303335	ENSG00000243753.5
21875	1.93160047283958e-12	0.000510109957550613	3.77696232510268e-09	0.99744339754561	0.00204648871794382	ENSG00000244731.7
21858	4.36692906647955e-10	0.115322630153468	3.32191358356406e-09	0.877249348465755	0.00742801762217092	ENSG00000248290.1
21865	3.12595044695932e-11	0.00825506487240482	3.50779999445477e-09	0.926280522354977	0.0654644092335584	ENSG00000250535.1
21390	6.38326606618435e-10	0.168617889907618	3.10716922581413e-09	0.820767201671349	0.0106149046755366	ENSG00000252743.1
14816	5.53448511129269e-10	0.141280532155309	3.31568357346868e-09	0.846392587579791	0.0123268763957665	ENSG00000256166.1
15560	8.8044769270645e-13	7.28677813279682e-05	1.20817941212614e-08	0.999915758047663	1.13620883334358e-05	ENSG00000270604.5
15096	1.5489301731568e-10	0.0395272488387943	3.71029104724884e-09	0.946817906908186	0.0136548403878346	ENSG00000271581.1
15286	9.48083575028322e-33	2.4189251537546e-24	3.9194415324325e-09	0.999999995906123	1.74434171120194e-10	ENSG00000272221.1
14576	7.00020309830803e-16	1.7884289025873e-07	3.91416244579956e-09	0.999999735523346	8.1719598111144e-08	ENSG00000272501.1
15097	2.94600784609193e-25	7.51793923009331e-17	3.9186374673055e-09	0.999999996030169	5.11911725135973e-11	ENSG00000277402.1
16353	1.28481629475865e-19	3.18366228589586e-11	4.03565508556549e-09	0.999999995891372	4.11395896451824e-11	ENSG00000280128.1
14891	1.27968616959989e-17	1.10432227454154e-10	1.15879752928969e-07	0.999999807437487	7.65723304768504e-08	ENSG00000030110.12
13592	1.79450606562275e-14	1.54188254801681e-07	1.1638406272697e-07	0.999999713686728	1.57409360863574e-08	ENSG00000096433.10
16474	1.23124521092636e-39	1.12405706523155e-32	1.09535815543033e-07	0.999999888439453	2.02473420023818e-09	ENSG00000179344.16
16373	2.18422148759508e-12	2.02899246966594e-05	1.07595154209221e-07	0.999484946279649	0.000494656198315079	ENSG00000196126.11
16702	2.7176107713177e-09	0.0252448762371216	1.04529186320426e-07	0.971005933273396	0.00374908324268442	ENSG00000196301.3
16419	2.93243791797377e-16	2.71308893257001e-09	1.08084820296582e-07	0.999999788225652	1.00976434994535e-07	ENSG00000196735.11
16328	2.1238953055103e-34	1.97295390326597e-27	1.0764857067476e-07	0.999981794295194	1.80980562389762e-05	ENSG00000198502.5
17660	3.02083485857363e-08	0.274118027020871	7.49832792475462e-08	0.680371312249458	0.0455105555380411	ENSG00000204228.3
17194	2.13302008071685e-08	0.193563662720538	7.21583321588442e-08	0.654658328878691	0.151777914912239	ENSG00000204257.14
16895	3.62791802840843e-09	0.0329235092252936	1.06123853709073e-07	0.963074449470831	0.0040019315521016	ENSG00000204267.13
17018	2.09355293295504e-08	0.194512419951195	8.38301302895432e-08	0.778840763362461	0.0266467119206842	ENSG00000204287.13
16475	1.80506648973004e-21	1.65267047477979e-14	1.09221185898216e-07	0.999999890205202	5.73598187449182e-10	ENSG00000223534.1
17523	6.96025407351548e-20	6.31612718345511e-13	1.10198118046875e-07	0.999999887372254	2.42899778271228e-09	ENSG00000224557.7
17467	2.32726615086039e-09	0.0211189878260642	1.07714430641482e-07	0.977462955248212	0.00141794688402509	ENSG00000224796.1
17264	3.20048752773383e-08	0.288799436689341	7.63519551186648e-08	0.688947832007052	0.0222526229467779	ENSG00000227057.9
17716	2.17846936467841e-08	0.202402709273312	7.91424257415533e-08	0.735254005453725	0.0623431843458445	ENSG00000228962.1
16356	1.59096902858174e-32	1.47790160100464e-25	1.07588910564758e-07	0.999426947751623	0.000572944659471391	ENSG00000229391.7
17309	1.11130259080687e-13	1.00279617255183e-06	1.10820248468535e-07	0.999998757408371	1.2897509494218e-07	ENSG00000231500.6
17145	1.17340905122433e-08	0.105883328410473	9.82339159618211e-08	0.886412421388847	0.00770414023267221	ENSG00000231925.11
16687	2.51017240858223e-29	2.27845837079833e-22	1.10169760422915e-07	0.999999888397517	1.43272090947659e-09	ENSG00000232629.8
16624	2.03271708620901e-35	1.85081769588857e-28	1.09784931790264e-07	0.99960695960209	0.00039293061298529	ENSG00000237541.3
16577	1.05365377577557e-09	0.00950595925845971	1.09703001693951e-07	0.989728772769814	0.000765157215072297	ENSG00000237649.7
16904	7.69561439475449e-09	0.0698349899782537	1.01818553875091e-07	0.923961308906678	0.00620359160089825	ENSG00000240065.7
16794	2.13232945615686e-13	1.93509819131254e-06	1.10191908216529e-07	0.999996324788583	1.62992110559881e-06	ENSG00000241106.6
21580	9.98015751802774e-10	0.185690547649845	4.23326008396085e-09	0.787612558218036	0.026696888900841	ENSG00000277427.1
14009	3.63643417035419e-08	0.172448856706998	1.65965211245983e-07	0.78700824167944	0.0405426992840088	ENSG00000066379.14
13199	3.17793701355066e-10	0.0014825394908464	2.13277669624631e-07	0.99495816100472	0.00355908590896872	ENSG00000176998.4
13192	1.4895936008605e-12	6.94909440270061e-06	2.14356195698321e-07	0.999991834926582	1.00162132987237e-06	ENSG00000181126.13
14076	6.56832279009301e-08	0.311486437166458	1.40615190560648e-07	0.666811005464106	0.0217023510710191	ENSG00000204618.8
13606	6.8026047430857e-13	3.22385071433782e-06	2.07440283235867e-07	0.983071951702214	0.0169246170061071	ENSG00000204622.11
14004	6.28696052392898e-08	0.298143484426003	1.41205482101209e-07	0.669599663155705	0.0322566483432041	ENSG00000204623.9
13478	5.06768062493821e-08	0.239948567923578	1.56783210684136e-07	0.742331881240968	0.0177193433754393	ENSG00000204625.10
